[gd_scene load_steps=26 format=3 uid="uid://dyjgulkvmryko"]

[ext_resource type="Script" path="res://scripts/world.gd" id="1_6bwtx"]
[ext_resource type="Material" uid="uid://uxn8fucitgfr" path="res://resources/materials/level_mat.tres" id="2_qxy8p"]
[ext_resource type="ArrayMesh" uid="uid://cm6kctw6d7h86" path="res://models/levels/mountainside/level4/level4_visual.obj" id="3_sp00m"]
[ext_resource type="ArrayMesh" uid="uid://buygfpqt6o7x4" path="res://models/levels/mountainside/level4/level4_visual_no_shadow.obj" id="4_3yfxi"]
[ext_resource type="Material" uid="uid://cpjj475f3yych" path="res://resources/materials/level_no_shadow_mat.tres" id="4_ik2cs"]
[ext_resource type="ArrayMesh" uid="uid://b1hhg72qkqwdy" path="res://models/levels/mountainside/level4/level4_collision.obj" id="5_4g3sj"]
[ext_resource type="PackedScene" uid="uid://4px2n2dg363l" path="res://scenes/misc_props/player.tscn" id="5_rxf2o"]
[ext_resource type="PackedScene" uid="uid://csmucdgy7vpql" path="res://scenes/misc_props/exit.tscn" id="6_fipd4"]
[ext_resource type="Script" path="res://scripts/create_static_body_child.gd" id="6_k38we"]
[ext_resource type="PackedScene" uid="uid://bq1itwbnkbvp4" path="res://scenes/misc_props/key.tscn" id="7_wxlx7"]
[ext_resource type="PackedScene" uid="uid://cdshg7bk5i645" path="res://scenes/misc_props/garlic.tscn" id="8_eksak"]
[ext_resource type="ArrayMesh" uid="uid://2asvu6fjk0no" path="res://models/static_props/mountainside/mountainside_fence_unit_tall.obj" id="9_y8ir6"]
[ext_resource type="ArrayMesh" uid="uid://bphn2of0galkj" path="res://models/static_props/mountainside/mountainside_fence_unit.obj" id="11_36jtc"]
[ext_resource type="Script" path="res://scripts/triggers/trigger_area.gd" id="11_vvdr7"]
[ext_resource type="PackedScene" uid="uid://bfwjae77m2xmb" path="res://scenes/props/triggers/move_trigger.tscn" id="12_07vr2"]
[ext_resource type="PackedScene" uid="uid://cyw7f2nh4dtoc" path="res://scenes/misc_props/lock.tscn" id="13_5j3gl"]
[ext_resource type="PackedScene" uid="uid://ct4dtw3ijmehk" path="res://scenes/props/enemies/runner.tscn" id="14_wtgkt"]
[ext_resource type="PackedScene" uid="uid://bfuck1d2dtogj" path="res://scenes/props/enemies/gunner.tscn" id="15_33oos"]
[ext_resource type="PackedScene" uid="uid://d2ya5fu74vom0" path="res://scenes/props/enemies/hitscanner.tscn" id="16_xrqrp"]

[sub_resource type="BoxShape3D" id="BoxShape3D_ddnih"]
size = Vector3(4.04517, 6.67668, 0.769954)

[sub_resource type="BoxShape3D" id="BoxShape3D_tage7"]
size = Vector3(1, 3.34397, 5.49065)

[sub_resource type="BoxShape3D" id="BoxShape3D_sud0r"]
size = Vector3(15.5816, 13.467, 16.8523)

[sub_resource type="BoxShape3D" id="BoxShape3D_gdgcs"]
size = Vector3(12.617, 5.0378, 0.565709)

[sub_resource type="BoxShape3D" id="BoxShape3D_g1sm7"]
size = Vector3(16.3234, 14.4676, 19.7576)

[sub_resource type="BoxShape3D" id="BoxShape3D_bosgh"]
size = Vector3(8.93984, 5.66809, 1)

[node name="level4" type="Node3D"]
script = ExtResource("1_6bwtx")

[node name="level_visual" type="MeshInstance3D" parent="."]
material_override = ExtResource("2_qxy8p")
mesh = ExtResource("3_sp00m")
metadata/_edit_lock_ = true

[node name="level_visual_no_shadow" type="MeshInstance3D" parent="."]
material_override = ExtResource("4_ik2cs")
cast_shadow = 0
mesh = ExtResource("4_3yfxi")
metadata/_edit_lock_ = true

[node name="level_collision" type="MeshInstance3D" parent="."]
visible = false
material_override = ExtResource("2_qxy8p")
cast_shadow = 0
mesh = ExtResource("5_4g3sj")
script = ExtResource("6_k38we")
metadata/_edit_lock_ = true

[node name="light" type="DirectionalLight3D" parent="." groups=["light"]]
transform = Transform3D(-0.270371, 0.958996, -0.0850087, -0.539281, -0.0777098, 0.838533, 0.797543, 0.272559, 0.538179, 34.4022, 23.7255, -146.613)
light_bake_mode = 0
shadow_enabled = true
shadow_bias = 0.01
shadow_opacity = 0.7
directional_shadow_blend_splits = true

[node name="omnilight1" type="OmniLight3D" parent="."]
transform = Transform3D(1, 0, 0, 0, 1, 0, 0, 0, 1, -58.6983, -11.494, 33.3192)
light_color = Color(1, 0.945098, 0.905882, 1)
omni_range = 11.275

[node name="omnilight2" type="OmniLight3D" parent="."]
transform = Transform3D(1, 0, 0, 0, 1, 0, 0, 0, 1, -24.7167, -15.4207, 2.51223)
light_color = Color(1, 0.945098, 0.905882, 1)
omni_range = 11.275

[node name="player" parent="." instance=ExtResource("5_rxf2o")]
transform = Transform3D(-0.992317, 0, -0.123723, 0, 1, 0, 0.123723, 0, -0.992317, -166.541, -0.572281, -162.165)

[node name="exit" parent="." instance=ExtResource("6_fipd4")]
transform = Transform3D(2.485, 0, 0, 0, 2.485, 0, 0, 0, 2.485, -165.875, -0.518187, -171.019)
level = 4

[node name="blue_key" parent="." instance=ExtResource("7_wxlx7")]
transform = Transform3D(1, 0, 0, 0, 1, 0, 0, 0, 1, 1.71395, 16.5137, -18.107)
key_index = 1

[node name="red_key" parent="." instance=ExtResource("7_wxlx7")]
transform = Transform3D(1, 0, 0, 0, 1, 0, 0, 0, 1, -84.1807, -7.49358, 226.265)
key_color = Color(1, 0, 0, 1)
key_name = "red"
key_index = 2

[node name="garlic" parent="." instance=ExtResource("8_eksak")]
transform = Transform3D(1, 0, 0, 0, 1, 0, 0, 0, 1, -3.78587, -17.1643, -22.6997)

[node name="move_trigger" parent="garlic" instance=ExtResource("12_07vr2")]
group = 3
target = Vector3(0, -6, 0)

[node name="props" type="Node3D" parent="."]
metadata/_edit_lock_ = true

[node name="exit_fence" type="StaticBody3D" parent="props"]
transform = Transform3D(1, 0, 0, 0, 1, 0, 0, 0, 1, -169.25, -4.76837e-07, -165.785)

[node name="MeshInstance3D" type="MeshInstance3D" parent="props/exit_fence"]
transform = Transform3D(1, 0, 0, 0, 1, 0, 0, 0, 1, -3.62854, -1.51943, -5.1897)
material_override = ExtResource("2_qxy8p")
mesh = ExtResource("9_y8ir6")

[node name="MeshInstance3D2" type="MeshInstance3D" parent="props/exit_fence"]
transform = Transform3D(1, 0, 0, 0, 1, 0, 0, 0, 1, -0.634918, -1.51943, -5.19203)
material_override = ExtResource("2_qxy8p")
mesh = ExtResource("9_y8ir6")

[node name="MeshInstance3D5" type="MeshInstance3D" parent="props/exit_fence"]
transform = Transform3D(0.326327, 0, -0.945257, 0, 1, 0, 0.945257, 0, 0.326327, 1.30447, -1.51943, -3.78728)
material_override = ExtResource("2_qxy8p")
mesh = ExtResource("9_y8ir6")

[node name="MeshInstance3D3" type="MeshInstance3D" parent="props/exit_fence"]
transform = Transform3D(1, 0, 0, 0, 1, 0, 0, 0, 1, 7.36308, -1.51943, -5.20856)
material_override = ExtResource("2_qxy8p")
mesh = ExtResource("9_y8ir6")

[node name="MeshInstance3D4" type="MeshInstance3D" parent="props/exit_fence"]
transform = Transform3D(1, 0, 0, 0, 1, 0, 0, 0, 1, 10.3567, -1.51943, -5.21089)
material_override = ExtResource("2_qxy8p")
mesh = ExtResource("9_y8ir6")

[node name="CollisionShape3D" type="CollisionShape3D" parent="props/exit_fence"]
transform = Transform3D(1, 0, 0, 0, 1, 0, 0, 0, 1, -1.22182, 0.433862, -5.18871)
shape = SubResource("BoxShape3D_ddnih")

[node name="CollisionShape3D2" type="CollisionShape3D" parent="props/exit_fence"]
transform = Transform3D(1, 0, 0, 0, 1, 0, 0, 0, 1, 7.92647, 0.433862, -5.18871)
shape = SubResource("BoxShape3D_ddnih")

[node name="CollisionShape3D3" type="CollisionShape3D" parent="props/exit_fence"]
transform = Transform3D(0.310195, 0, -0.950673, 0, 1, 0, 0.950673, 0, 0.310195, 1.17923, 0.433862, -4.27707)
shape = SubResource("BoxShape3D_ddnih")

[node name="building_fence" type="StaticBody3D" parent="props" groups=["1"]]
transform = Transform3D(1, 0, 0, 0, 1, 0, 0, 0, 1, -49.1238, 1.07455, 13.9666)

[node name="MeshInstance3D" type="MeshInstance3D" parent="props/building_fence"]
transform = Transform3D(-4.37114e-08, 0, -1, 0, 1, 0, 1, 0, -4.37114e-08, 0, -1.04434, -1.78971)
mesh = ExtResource("11_36jtc")
surface_material_override/0 = ExtResource("2_qxy8p")

[node name="MeshInstance3D2" type="MeshInstance3D" parent="props/building_fence"]
transform = Transform3D(-4.37114e-08, 0, -1, 0, 1, 0, 1, 0, -4.37114e-08, 0, -1.04434, 1.16588)
mesh = ExtResource("11_36jtc")
surface_material_override/0 = ExtResource("2_qxy8p")

[node name="CollisionShape3D" type="CollisionShape3D" parent="props/building_fence"]
transform = Transform3D(1, 0, 0, 0, 1, 0, 0, 0, 1, 0, 0.27216, 0)
shape = SubResource("BoxShape3D_tage7")

[node name="Area3D" type="Area3D" parent="props/building_fence"]
script = ExtResource("11_vvdr7")

[node name="CollisionShape3D" type="CollisionShape3D" parent="props/building_fence/Area3D"]
shape = SubResource("BoxShape3D_sud0r")

[node name="move_trigger" parent="props/building_fence/Area3D" instance=ExtResource("12_07vr2")]
group = 1
target = Vector3(0, -4, 0)
time = 1.0
keys_required = Array[int]([2])

[node name="lock" parent="props/building_fence" instance=ExtResource("13_5j3gl")]
transform = Transform3D(-0.00919776, 0, -0.999958, 0, 1, 0, 0.999958, 0, -0.00919776, -0.268745, 0.290216, 0)
color = Color(1, 0, 0, 1)
one_sided = false

[node name="fence" type="StaticBody3D" parent="props" groups=["2"]]
transform = Transform3D(1, 0, 0, 0, 1, 0, 0, 0, 1, -89.5748, 0, 74.5669)

[node name="MeshInstance3D" type="MeshInstance3D" parent="props/fence"]
transform = Transform3D(0.625624, 0, -0.780125, 0, 1, 0, 0.780125, 0, 0.625624, -3.39854, -4.27333, -2.88663)
material_override = ExtResource("2_qxy8p")
mesh = ExtResource("9_y8ir6")

[node name="MeshInstance3D2" type="MeshInstance3D" parent="props/fence"]
transform = Transform3D(0.625624, 0, -0.780125, 0, 1, 0, 0.780125, 0, 0.625624, -1.53356, -4.27333, -0.563499)
material_override = ExtResource("2_qxy8p")
mesh = ExtResource("9_y8ir6")

[node name="MeshInstance3D3" type="MeshInstance3D" parent="props/fence"]
transform = Transform3D(0.625624, 0, -0.780125, 0, 1, 0, 0.780125, 0, 0.625624, 0.3414, -4.27333, 1.76645)
material_override = ExtResource("2_qxy8p")
mesh = ExtResource("9_y8ir6")

[node name="MeshInstance3D4" type="MeshInstance3D" parent="props/fence"]
transform = Transform3D(0.625624, 0, -0.780125, 0, 1, 0, 0.780125, 0, 0.625624, 2.20259, -4.27333, 4.08219)
material_override = ExtResource("2_qxy8p")
mesh = ExtResource("9_y8ir6")

[node name="CollisionShape3D" type="CollisionShape3D" parent="props/fence"]
transform = Transform3D(0.628778, 0, -0.777585, 0, 1, 0, 0.777585, 0, 0.628778, -0.521149, -1.50092, 0.712227)
shape = SubResource("BoxShape3D_gdgcs")

[node name="lock" parent="props/fence" instance=ExtResource("13_5j3gl")]
transform = Transform3D(-0.637572, 0, 0.770391, 0, 1, 0, -0.770391, 0, -0.637572, -0.322945, -1.2953, 0.483574)
skeleton = NodePath("../../..")
one_sided = false

[node name="Area3D" type="Area3D" parent="props/fence"]
script = ExtResource("11_vvdr7")

[node name="CollisionShape3D" type="CollisionShape3D" parent="props/fence/Area3D"]
transform = Transform3D(0.613197, 0, -0.78993, 0, 1, 0, 0.78993, 0, 0.613197, -0.563187, 0, 0.732521)
shape = SubResource("BoxShape3D_g1sm7")

[node name="move_trigger" parent="props/fence/Area3D" instance=ExtResource("12_07vr2")]
group = 2
target = Vector3(0, -6, 0)
time = 1.0
keys_required = Array[int]([1])

[node name="fence2" type="StaticBody3D" parent="props" groups=["4"]]
transform = Transform3D(0.619245, 0, 0.785198, 0, 1, 0, -0.785198, 0, 0.619245, -84.1507, -5.64787, 218.394)

[node name="MeshInstance3D" type="MeshInstance3D" parent="props/fence2"]
transform = Transform3D(0.625624, 0, -0.780125, 0, 1, 0, 0.780125, 0, 0.625624, -3.39854, -4.27333, -2.88663)
material_override = ExtResource("2_qxy8p")
mesh = ExtResource("9_y8ir6")

[node name="MeshInstance3D2" type="MeshInstance3D" parent="props/fence2"]
transform = Transform3D(0.625624, 0, -0.780125, 0, 1, 0, 0.780125, 0, 0.625624, -1.53356, -4.27333, -0.563499)
material_override = ExtResource("2_qxy8p")
mesh = ExtResource("9_y8ir6")

[node name="MeshInstance3D3" type="MeshInstance3D" parent="props/fence2"]
transform = Transform3D(0.625624, 0, -0.780125, 0, 1, 0, 0.780125, 0, 0.625624, 0.3414, -4.27333, 1.76645)
material_override = ExtResource("2_qxy8p")
mesh = ExtResource("9_y8ir6")

[node name="MeshInstance3D4" type="MeshInstance3D" parent="props/fence2"]
transform = Transform3D(0.625624, 0, -0.780125, 0, 1, 0, 0.780125, 0, 0.625624, 2.20259, -4.27333, 4.08219)
material_override = ExtResource("2_qxy8p")
mesh = ExtResource("9_y8ir6")

[node name="CollisionShape3D" type="CollisionShape3D" parent="props/fence2"]
transform = Transform3D(0.628778, 0, -0.777585, 0, 1, 0, 0.777585, 0, 0.628778, -0.521149, -1.50092, 0.712227)
shape = SubResource("BoxShape3D_gdgcs")

[node name="lock" parent="props/fence2" instance=ExtResource("13_5j3gl")]
transform = Transform3D(-0.637572, 0, 0.770391, 0, 1, 0, -0.770391, 0, -0.637572, -0.103622, -1.2953, 0.761536)
skeleton = NodePath("../../..")
color = Color(1, 1, 1, 1)
one_sided = false

[node name="lock2" parent="props/fence2" instance=ExtResource("13_5j3gl")]
transform = Transform3D(-0.637572, 0, 0.770391, 0, 1, 0, -0.770391, 0, -0.637572, -1.82889, -1.2953, -1.42621)
skeleton = NodePath("../../..")
color = Color(0, 0, 0, 1)
one_sided = false

[node name="Area3D" type="Area3D" parent="props/fence2"]
script = ExtResource("11_vvdr7")

[node name="CollisionShape3D" type="CollisionShape3D" parent="props/fence2/Area3D"]
transform = Transform3D(0.613197, 0, -0.78993, 0, 1, 0, 0.78993, 0, 0.613197, -0.563187, 0, 0.732521)
shape = SubResource("BoxShape3D_g1sm7")

[node name="move_trigger" parent="props/fence2/Area3D" instance=ExtResource("12_07vr2")]
group = 4
target = Vector3(0, -6, 0)
time = 1.0
keys_required = Array[int]([3, 4])

[node name="cave_fence" type="StaticBody3D" parent="props" groups=["3"]]
transform = Transform3D(1, 0, 0, 0, 1, 0, 0, 0, 1, -140.553, 0, 84.732)

[node name="MeshInstance3D" type="MeshInstance3D" parent="props/cave_fence"]
transform = Transform3D(0.995808, 0, 0.0914669, 0, 1, 0, -0.0914669, 0, 0.995808, -3.80627, -7.01333, -0.462502)
material_override = ExtResource("2_qxy8p")
mesh = ExtResource("9_y8ir6")

[node name="MeshInstance3D2" type="MeshInstance3D" parent="props/cave_fence"]
transform = Transform3D(0.995808, 0, 0.0914669, 0, 1, 0, -0.0914669, 0, 0.995808, -0.830521, -7.01333, -0.736237)
material_override = ExtResource("2_qxy8p")
mesh = ExtResource("9_y8ir6")

[node name="MeshInstance3D3" type="MeshInstance3D" parent="props/cave_fence"]
transform = Transform3D(0.995808, 0, 0.0914669, 0, 1, 0, -0.0914669, 0, 0.995808, 2.151, -7.01333, -1.01005)
material_override = ExtResource("2_qxy8p")
mesh = ExtResource("9_y8ir6")

[node name="CollisionShape3D" type="CollisionShape3D" parent="props/cave_fence"]
transform = Transform3D(0.996478, 0, 0.0838518, 0, 1, 0, -0.0838518, 0, 0.996478, -0.767197, -4.52316, -0.743973)
shape = SubResource("BoxShape3D_bosgh")

[node name="enemies" type="Node3D" parent="."]

[node name="runner2" parent="enemies" instance=ExtResource("14_wtgkt")]
transform = Transform3D(-1, 0, -8.74228e-08, 0, 1, 0, 8.74228e-08, 0, -1, -173.915, 2.51834, -121.138)
visible = false
min_dif = 2

[node name="runner4" parent="enemies" instance=ExtResource("14_wtgkt")]
transform = Transform3D(-1, 0, -8.74228e-08, 0, 1, 0, 8.74228e-08, 0, -1, -151.887, 3.85073, -106.067)

[node name="gunner" parent="enemies" instance=ExtResource("15_33oos")]
transform = Transform3D(-0.966061, 0, -0.258313, 0, 1, 0, 0.258313, 0, -0.966061, -159.999, 3.84988, -92.3455)
visible = false
min_dif = 2

[node name="gunner2" parent="enemies" instance=ExtResource("15_33oos")]
transform = Transform3D(-0.926981, 0, 0.375108, 0, 1, 0, -0.375108, 0, -0.926981, -171.058, 3.84441, -58.8204)
visible = false
min_dif = 1

[node name="runner7" parent="enemies" instance=ExtResource("14_wtgkt")]
transform = Transform3D(1, 0, 0, 0, 1, 0, 0, 0, 1, -151.865, 3.67352, -29.9759)

[node name="runner9" parent="enemies" instance=ExtResource("14_wtgkt")]
transform = Transform3D(1, 0, 0, 0, 1, 0, 0, 0, 1, -152.315, 5.89704, -57.259)

[node name="runner15" parent="enemies" instance=ExtResource("14_wtgkt")]
transform = Transform3D(1, 0, 0, 0, 1, 0, 0, 0, 1, -169.575, 5.89704, -82.7942)

[node name="runner11" parent="enemies" instance=ExtResource("14_wtgkt")]
transform = Transform3D(1, 0, 0, 0, 1, 0, 0, 0, 1, -65.9367, -0.984661, 15.2629)
visible = false
min_dif = 2

[node name="runner14" parent="enemies" instance=ExtResource("14_wtgkt")]
transform = Transform3D(1, 0, 0, 0, 1, 0, 0, 0, 1, -55.6022, -1.12476, -15.6801)
visible = false
min_dif = 1

[node name="hitscanner3" parent="enemies" instance=ExtResource("16_xrqrp")]
transform = Transform3D(1, 0, 0, 0, 1, 0, 0, 0, 1, -44.9475, -2.19289, 59.7465)

[node name="runner28" parent="enemies" instance=ExtResource("14_wtgkt")]
transform = Transform3D(1, 0, 0, 0, 1, 0, 0, 0, 1, 4.60711, -3.88784, 71.6266)
visible = false
min_dif = 1

[node name="runner19" parent="enemies" instance=ExtResource("14_wtgkt")]
transform = Transform3D(1, 0, 0, 0, 1, 0, 0, 0, 1, -18.083, -3.88784, 83.1116)

[node name="runner21" parent="enemies" instance=ExtResource("14_wtgkt")]
transform = Transform3D(1, 0, 0, 0, 1, 0, 0, 0, 1, -56.3403, -2.03763, 72.4285)
visible = false
min_dif = 2

[node name="hitscanner7" parent="enemies" instance=ExtResource("16_xrqrp")]
transform = Transform3D(1, 0, 0, 0, 1, 0, 0, 0, 1, -33.3307, 15, 15.9737)
visible = false
min_dif = 2

[node name="runner18" parent="enemies" instance=ExtResource("14_wtgkt")]
transform = Transform3D(0.283848, 0, 0.958869, 0, 1, 0, -0.958869, 0, 0.283848, -41.4221, 15, 18.2065)
visible = false
min_dif = 1

[node name="hitscanner10" parent="enemies" instance=ExtResource("16_xrqrp")]
transform = Transform3D(1, 0, 0, 0, 1, 0, 0, 0, 1, -30.0264, 15, -13.5438)

[node name="hitscanner11" parent="enemies" instance=ExtResource("16_xrqrp")]
transform = Transform3D(-0.0169813, 0, -0.999856, 0, 1, 0, 0.999856, 0, -0.0169813, -12.3395, 15, -19.0242)
visible = false
min_dif = 2

[node name="runner20" parent="enemies" instance=ExtResource("14_wtgkt")]
transform = Transform3D(1, 0, 0, 0, 1, 0, 0, 0, 1, -10.6458, 15, 2.50807)

[node name="runner10" parent="enemies" instance=ExtResource("14_wtgkt")]
transform = Transform3D(1, 0, 0, 0, 1, 0, 0, 0, 1, 14.3677, -4.13684, 54.6486)
visible = false
min_dif = 1

[node name="gunner4" parent="enemies" instance=ExtResource("15_33oos")]
transform = Transform3D(-0.506064, 0, -0.862496, 0, 1, 0, 0.862496, 0, -0.506064, -72.5951, -9.34552, 195.352)

[node name="black_key" parent="enemies/gunner4" instance=ExtResource("7_wxlx7")]
transform = Transform3D(-0.506064, 0, 0.862496, 0, 1, 0, -0.862496, 0, -0.506064, -0.275665, 1.85194, 1.84151)
key_color = Color(0, 0, 0, 1)
key_name = "black"
key_index = 3

[node name="gunner5" parent="enemies" instance=ExtResource("15_33oos")]
transform = Transform3D(-0.180965, 0, 0.983489, 0, 1, 0, -0.983489, 0, -0.180965, -95.9994, -9.30085, 189.448)

[node name="white_key" parent="enemies/gunner5" instance=ExtResource("7_wxlx7")]
transform = Transform3D(-0.180965, 0, -0.983489, 0, 1, 0, 0.983489, 0, -0.180965, 0.885071, 1.80727, 0.0897064)
key_color = Color(1, 1, 1, 1)
key_name = "white"
key_index = 4

[node name="runner13" parent="enemies" instance=ExtResource("14_wtgkt")]
transform = Transform3D(1, 0, 0, 0, 1, 0, 0, 0, 1, -71.0338, -8.96758, 175.826)
visible = false
min_dif = 2

[node name="runner23" parent="enemies" instance=ExtResource("14_wtgkt")]
transform = Transform3D(1, 0, 0, 0, 1, 0, 0, 0, 1, -99.1937, -9.07226, 182.324)
visible = false
min_dif = 1

[node name="runner24" parent="enemies" instance=ExtResource("14_wtgkt")]
transform = Transform3D(1, 0, 0, 0, 1, 0, 0, 0, 1, -81.2179, -8.06832, 154.99)
visible = false
min_dif = 1

[node name="runner26" parent="enemies" instance=ExtResource("14_wtgkt")]
transform = Transform3D(1, 0, 0, 0, 1, 0, 0, 0, 1, -104.151, -7.96365, 105.642)

[node name="runner27" parent="enemies" instance=ExtResource("14_wtgkt")]
transform = Transform3D(1, 0, 0, 0, 1, 0, 0, 0, 1, -119.83, -7.75875, 98.3089)

[node name="hitscanner8" parent="enemies" instance=ExtResource("16_xrqrp")]
transform = Transform3D(-0.806331, 0, 0.591465, 0, 1, 0, -0.591465, 0, -0.806331, -20.9773, -19.3955, 3.90693)

[node name="hitscanner13" parent="enemies" instance=ExtResource("16_xrqrp")]
transform = Transform3D(-0.0649851, 0, 0.997886, 0, 1, 0, -0.997886, 0, -0.0649851, -27.3977, -18.9409, -0.442998)

[node name="runner31" parent="enemies" instance=ExtResource("14_wtgkt")]
transform = Transform3D(-0.523064, 0, 0.852293, 0, 1, 0, -0.852293, 0, -0.523064, -40.884, -17.3501, 27.4276)

[node name="hitscanner14" parent="enemies" instance=ExtResource("16_xrqrp")]
transform = Transform3D(-0.305994, 0, 0.952033, 0, 1, 0, -0.952033, 0, -0.305994, -50.1923, -15.4995, 32.5156)

[node name="runner32" parent="enemies" instance=ExtResource("14_wtgkt")]
transform = Transform3D(-0.0453978, 0, 0.998969, 0, 1, 0, -0.998969, 0, -0.0453978, -64.6011, -15.5231, 31.5692)

[node name="runner35" parent="enemies" instance=ExtResource("14_wtgkt")]
transform = Transform3D(1.74801e-05, 0, 1, 0, 1, 0, -1, 0, 1.74801e-05, -107.33, -10.6868, 31.8588)

[node name="runner36" parent="enemies" instance=ExtResource("14_wtgkt")]
transform = Transform3D(-0.106715, 0, 0.99429, 0, 1, 0, -0.99429, 0, -0.106715, -123.441, -7.37461, 44.1122)

[node name="gunner6" parent="enemies" instance=ExtResource("15_33oos")]
transform = Transform3D(-0.941641, 0, -0.336619, 0, 1, 0, 0.336619, 0, -0.941641, -31.5852, 6.67572e-06, 36.1036)

[node name="gunner7" parent="enemies" instance=ExtResource("15_33oos")]
transform = Transform3D(1, 0, 0, 0, 1, 0, 0, 0, 1, -40.137, 5.72205e-06, -21.2184)

[node name="gunner8" parent="enemies" instance=ExtResource("15_33oos")]
transform = Transform3D(-0.0738474, 0, -0.99727, 0, 1, 0, 0.99727, 0, -0.0738474, -12.6718, 5.72205e-06, -4.84645)

[node name="hitscanner" parent="enemies" instance=ExtResource("16_xrqrp")]
transform = Transform3D(-0.707107, 0, 0.707107, 0, 1, 0, -0.707107, 0, -0.707107, -115.205, 3.67076, -7.74743)

[node name="runner" parent="enemies" instance=ExtResource("14_wtgkt")]
transform = Transform3D(1, 0, 0, 0, 1, 0, 0, 0, 1, -153.08, 3.97638, -69.6688)
visible = false
min_dif = 3

[node name="runner3" parent="enemies" instance=ExtResource("14_wtgkt")]
transform = Transform3D(1, 0, 0, 0, 1, 0, 0, 0, 1, -141.353, 3.38729, -27.8204)
visible = false
min_dif = 3

[node name="runner5" parent="enemies" instance=ExtResource("14_wtgkt")]
transform = Transform3D(1, 0, 0, 0, 1, 0, 0, 0, 1, -132.687, 3.38729, -12.981)
visible = false
min_dif = 3

[node name="runner6" parent="enemies" instance=ExtResource("14_wtgkt")]
transform = Transform3D(1, 0, 0, 0, 1, 0, 0, 0, 1, -79.533, 3.38729, -9.05472)
visible = false
min_dif = 3

[node name="runner8" parent="enemies" instance=ExtResource("14_wtgkt")]
transform = Transform3D(1, 0, 0, 0, 1, 0, 0, 0, 1, -36.8231, 15.2684, 41.5872)
visible = false
min_dif = 3

[node name="runner12" parent="enemies" instance=ExtResource("14_wtgkt")]
transform = Transform3D(1, 0, 0, 0, 1, 0, 0, 0, 1, -3.83318, -2.7172, 19.5028)
visible = false
min_dif = 3

[node name="runner16" parent="enemies" instance=ExtResource("14_wtgkt")]
transform = Transform3D(1, 0, 0, 0, 1, 0, 0, 0, 1, -103.977, -7.65609, 115.489)
visible = false
min_dif = 3

[node name="runner17" parent="enemies" instance=ExtResource("14_wtgkt")]
transform = Transform3D(1, 0, 0, 0, 1, 0, 0, 0, 1, -89.4677, -7.65609, 132.983)
visible = false
min_dif = 3

[node name="runner22" parent="enemies" instance=ExtResource("14_wtgkt")]
transform = Transform3D(1, 0, 0, 0, 1, 0, 0, 0, 1, -96.6198, -7.65609, 165.551)
visible = false
min_dif = 3

[node name="runner25" parent="enemies" instance=ExtResource("14_wtgkt")]
transform = Transform3D(-0.707107, 0, 0.707107, 0, 1, 0, -0.707107, 0, -0.707107, -31.7981, -19.2632, 17.3824)
visible = false
min_dif = 3

[node name="runner29" parent="enemies" instance=ExtResource("14_wtgkt")]
transform = Transform3D(0.258819, 0, 0.965926, 0, 1, 0, -0.965926, 0, 0.258819, -92.3512, -13.0852, 32.7031)
visible = false
min_dif = 3

[node name="hitscanner" parent="." instance=ExtResource("16_xrqrp")]
transform = Transform3D(-0.965926, 0, -0.258819, 0, 1, 0, 0.258819, 0, -0.965926, -81.6913, -8.60663, 163.761)
visible = false
min_dif = 4

[node name="hitscanner2" parent="." instance=ExtResource("16_xrqrp")]
transform = Transform3D(-0.965926, 0, -0.258819, 0, 1, 0, 0.258819, 0, -0.965926, -28.7938, 15.4322, 17.9847)
visible = false
min_dif = 4

[node name="hitscanner3" parent="." instance=ExtResource("16_xrqrp")]
transform = Transform3D(-0.965926, 0, -0.258819, 0, 1, 0, 0.258819, 0, -0.965926, -37.2885, -2.06, 60.2329)
visible = false
min_dif = 4

[node name="hitscanner4" parent="." instance=ExtResource("16_xrqrp")]
transform = Transform3D(-0.965926, 0, -0.258819, 0, 1, 0, 0.258819, 0, -0.965926, -113.5, -9.04225, 35.6503)
visible = false
min_dif = 4
